517,35
8,7
8,9
8,18
8,16
472,6
472,3
472,1
463,7
463,3
463,1
462,3
462,1
461,3
461,1
460,3
460,1
428,3
428,1
426,3
426,1
424,3
424,1
420,3
420,1
418,3
418,1
415,3
20,2
415,1
20,1
413,3
20,3
413,1
410,3
410,1
405,3
405,1
403,3
403,1
401,3
401,1
399,3
399,1
397,3
397,1
395,3
395,1
394,3
394,1
391,3
391,1
389,3
389,1
387,3
387,1
385,3
19,2
385,1
19,1
383,3
19,3
383,1
381,3
381,1
379,3
379,1
377,3
377,1
374,3
374,1
372,3
372,1
370,3
370,1
368,3
368,1
366,3
366,1
364,3
364,1
362,3
362,1
357,3
357,1
355,3
355,1
353,3
353,1
351,3
351,1
348,3
348,1
345,3
345,1
342,3
342,1
340,3
340,1
338,3
338,1
336,3
336,1
334,3
334,1
332,3
332,1
330,3
330,1
326,3
326,1
325,3
325,1
324,3
324,1
12,3
12,2
12,1
11,30
11,29
11,28
11,27
11,25
11,23
11,21
11,19
11,18
11,17
11,14
11,13
11,12
11,10
11,9
11,7
11,4
11,3
11,2
11,1
10,300
10,281
10,259
10,257
10,232
10,217
18,1
